0.000000000000000000e+00,1.432330869596825949e+02,1.179027768968992831e+02,2.751805407364425449e+01,1.277544007069815279e+02,1.142326227484950465e+02,1.217135062349286017e+02,1.344993208161290283e+02,1.609237185749819901e+02,2.957553982601162943e+02,1.618214423369165331e+02,2.333172644705059326e+02,1.962551260477035271e+02,1.973528155360343135e+02,1.337414939351284602e+02,2.895967867570356589e+02,1.496247105260357557e+02,1.193465868803964014e+02,1.462812100031989644e+02,1.843342483099654316e+02,1.570527822103129836e+02,1.233101467844394392e+02,1.685434816301122680e+02,7.274778347138830270e+01,2.624514240769142148e+01,1.317212826387596465e+02,1.475065086699566734e+02,1.294021533823915888e+02,2.570633190480502961e+01,1.326028811904175768e+02,1.015966899067090594e+02,1.213581183934556549e+02,1.220522863366352624e+02,1.593012375972013501e+02,1.627723026193338569e+02,1.472050692061928032e+02,1.596909368123313300e+02,1.586254557125053566e+02,2.049105607332135435e+02,1.496020277268994789e+02,1.508213927133681125e+02,2.216774950237393966e+02,1.324343833753153206e+02,1.381063155688399604e+02,1.323257310578709394e+02,2.052495237509699848e+02,1.722433740380163272e+02,5.583521917213191443e+01,2.430479993746086720e+01,1.442938692391329596e+02,2.965986331728452114e+02
1.432330869596825949e+02,0.000000000000000000e+00,9.422447983406435412e+01,1.526201975493414409e+02,1.511082310795808041e+02,1.450517069875429286e+02,1.391398275117516334e+02,1.538021583073527552e+02,3.074392297674458518e+01,2.871807698993788449e+02,1.698088042476007615e+02,2.179639041217604927e+02,1.943094668306204653e+02,1.668270265874207325e+02,1.557196281783385245e+02,2.808341822143451054e+02,1.623634232208719936e+02,1.372203614628674302e+02,1.428291069775345079e+02,2.028354453738300833e+02,1.586984297338823637e+02,1.536298945518091443e+02,1.913604264209295422e+02,1.482940423617887404e+02,1.487932401018271662e+02,1.509342813942545263e+02,1.618148401723401832e+02,1.469092491982720503e+02,1.541289236321333647e+02,1.687381939573847660e+02,1.598581596290911477e+02,1.409682301087730991e+02,1.509403146942525495e+02,1.554961668337840024e+02,1.850449358939605986e+02,1.325020618707497704e+02,1.639553308068999513e+02,1.566140945125948463e+02,1.635750815375006653e+02,1.268760012768372150e+02,1.110001599097947462e+02,2.057059994263657643e+02,1.502428490810793846e+02,1.553953191058211587e+02,1.553450098973249567e+02,1.765842558100806343e+02,1.496824201434490078e+02,1.520180913575749173e+02,1.459386573187515523e+02,1.556069706022194907e+02,2.882838056499185200e+02
1.179027768968992831e+02,9.422447983406435412e+01,0.000000000000000000e+00,1.295261321124042695e+02,1.790707047509446852e+02,1.317852962207848577e+02,1.241098610103161946e+02,1.306558597997043307e+02,1.174442369807902367e+02,2.986787789582647861e+02,1.714947281988574730e+02,2.331057757757194793e+02,1.959421723366361050e+02,1.783544953176117644e+02,1.308913595314832321e+02,2.925817087584252931e+02,1.561735400123849331e+02,1.188475948431435540e+02,1.209070014515288705e+02,1.925687770641959560e+02,1.463193439023015685e+02,1.275634551899563291e+02,1.815106134637861999e+02,1.220813015985658581e+02,1.216761706333659987e+02,1.293872779681218219e+02,1.564876381699206433e+02,1.216890237449540990e+02,1.291475307545599378e+02,1.799116485945254453e+02,1.629229707561214298e+02,1.254091794885844848e+02,1.363008371214204715e+02,1.298801389743635752e+02,1.761808028702332933e+02,1.069549316301030046e+02,1.594601784145496310e+02,1.627798402751397191e+02,1.808330188322917707e+02,1.523346949975612290e+02,1.443568817202699108e+02,2.216983879057310673e+02,1.323883805324319667e+02,1.447141264700858301e+02,1.303567109894999021e+02,2.011260201962938368e+02,1.799082969181799569e+02,1.342536587955799519e+02,1.245279065109503449e+02,1.510790299810003603e+02,2.994735424039993745e+02
2.751805407364425449e+01,1.526201975493414409e+02,1.295261321124042695e+02,0.000000000000000000e+00,1.359906776216664355e+02,1.322963484000976280e+02,1.396576861472364612e+02,1.412086215498189858e+02,1.675437068349629328e+02,2.966284559849240168e+02,1.736808351546019367e+02,2.354631584770747281e+02,2.018713446727890641e+02,2.103418862233578182e+02,1.388634822406524734e+02,2.904883546719213996e+02,1.599406924456687591e+02,1.383747827459902453e+02,1.654564326340925504e+02,1.981277910844412702e+02,1.771468540505306350e+02,1.274655780985596607e+02,1.829446050038098122e+02,7.581054741920804929e+01,1.417344700487492481e+01,1.390394397284454158e+02,1.591411549537076837e+02,1.491286732992686552e+02,1.280505368985208570e+01,1.294731230796569719e+02,1.103959713938873648e+02,1.392206019237095518e+02,1.411617019591362521e+02,1.783589179155334534e+02,1.781960235246567095e+02,1.536878072587412873e+02,1.627323465080006883e+02,1.721024901040075008e+02,2.175796718445912177e+02,1.606441439953539145e+02,1.649471054611144325e+02,2.241670165300863289e+02,1.401639497160379335e+02,1.485658631718605989e+02,1.365683850677015130e+02,2.180919987069677006e+02,1.816456913884829589e+02,7.122290502359476250e+01,1.747360294844776973e+01,1.579435291488701694e+02,2.974690506590559380e+02
1.277544007069815279e+02,1.511082310795808041e+02,1.790707047509446852e+02,1.359906776216664355e+02,0.000000000000000000e+00,1.250527856546987238e+02,1.267984932875781823e+02,1.896773945413633271e+02,1.509762752885366410e+02,2.967606370460880498e+02,1.532248325174480215e+02,2.342668636405925895e+02,2.247967735533586335e+02,1.592062137606443741e+02,1.911858067430738686e+02,2.906233283822893441e+02,1.606209161348545820e+02,1.303482638933100759e+02,1.462409043325430105e+02,1.915899465003317914e+02,1.658635797877279572e+02,1.851956554566008037e+02,1.747610405668265514e+02,1.561697963756116110e+02,1.401466917197834050e+02,1.797311269646969265e+02,1.570047598004595386e+02,1.391648087700335168e+02,1.401087734583384190e+02,1.446748554518026708e+02,1.069473071189732991e+02,1.283033592701298176e+02,1.309480251855674169e+02,1.627752475040354341e+02,1.682576126063840434e+02,1.870130714682800033e+02,1.907994491606304450e+02,1.374803742357431986e+02,1.575496125034904651e+02,7.159677506703766880e+01,8.069354001405567089e+01,2.224692551792269342e+02,1.883510769812586148e+02,1.609445031680175191e+02,1.907100039326725778e+02,1.615230587253720671e+02,1.139270117224180865e+02,1.033213008048195292e+02,1.321832523431012874e+02,1.650147520678075637e+02,2.979773677647347654e+02
1.142326227484950465e+02,1.450517069875429286e+02,1.317852962207848577e+02,1.322963484000976280e+02,1.250527856546987238e+02,0.000000000000000000e+00,2.354620351564131298e+01,1.437249846060176424e+02,1.621086379561558317e+02,3.007498304238923197e+02,1.152501978306327999e+02,2.390727090238448795e+02,2.033826413438472400e+02,1.617608484770032078e+02,1.401283008531823953e+02,2.946956121152807668e+02,1.142509610462861502e+02,2.278904342002984862e+01,9.144571777836293336e+01,1.427319242496226082e+02,1.077574391863503962e+02,1.358921064668584791e+02,1.223122050328584436e+02,1.271113303368350103e+02,1.252122358238203219e+02,1.290392025703816898e+02,1.127253050561407974e+02,7.988226211118463027e+01,1.325416666561878003e+02,1.829113943963032511e+02,1.322635448640327525e+02,2.004452044824204648e+01,4.163758518454197599e+01,1.126443198745502343e+02,1.134731880225456990e+02,1.571548042536402932e+02,1.663805890120599429e+02,1.077243524000028714e+02,1.713412682338963293e+02,1.264184662143944706e+02,1.106658077275903480e+02,2.279904916877017627e+02,1.414982247238459365e+02,1.111200859430912686e+02,1.394062394586411813e+02,1.710431053857477082e+02,1.236280858057747309e+02,7.463857581706660937e+01,1.274984094018431051e+02,1.188207725946940485e+02,3.015608815811493741e+02
1.217135062349286017e+02,1.391398275117516334e+02,1.241098610103161946e+02,1.396576861472364612e+02,1.267984932875781823e+02,2.354620351564131298e+01,0.000000000000000000e+00,1.444618084477693287e+02,1.548964918905525394e+02,2.937730777317757997e+02,1.104117004669342208e+02,2.362901642049452846e+02,2.027424782821794338e+02,1.488080508574720398e+02,1.424372360023880617e+02,2.875720161976822169e+02,1.134176062170243711e+02,1.229194858433721471e+01,7.218149208765358082e+01,1.396999753042211410e+02,1.026936142123744702e+02,1.385802918888540489e+02,1.184800151924365537e+02,1.326144087194147687e+02,1.322132243763837778e+02,1.297420498527752102e+02,1.102489659815455525e+02,6.472675567336897018e+01,1.410892919395373610e+02,1.851527447811670868e+02,1.338052465339083312e+02,5.346017209099660050e+00,3.919012375586462582e+01,9.406747950274848336e+01,1.098752724683766360e+02,1.511497363543846859e+02,1.657575491493524567e+02,1.023141642198185366e+02,1.572780045015830979e+02,1.155135312420151052e+02,1.038345631280836869e+02,2.252275427206894562e+02,1.442612446223863856e+02,1.105339015867982084e+02,1.419017868104556044e+02,1.648991528177145938e+02,1.176694934976776068e+02,8.460732651490646106e+01,1.360272226431165166e+02,1.197924734697468381e+02,2.946612129208729129e+02
1.344993208161290283e+02,1.538021583073527552e+02,1.306558597997043307e+02,1.412086215498189858e+02,1.896773945413633271e+02,1.437249846060176424e+02,1.444618084477693287e+02,0.000000000000000000e+00,1.689968446450997988e+02,2.962511368754556997e+02,1.702541702866628555e+02,2.315138851127508417e+02,1.974332383364057648e+02,1.603447002554184451e+02,3.377539785109871673e+01,2.901030496220265604e+02,1.583905019248313408e+02,1.431342548099510736e+02,1.674873950481050144e+02,1.917996428568103227e+02,1.681511537278290405e+02,1.397099824636736400e+02,1.879070065218431296e+02,1.344771634888243739e+02,1.337476668955387140e+02,3.771394967382764207e+01,8.978893584401139094e+01,1.618464000217490195e+02,1.416508369195184400e+02,1.826645335033596496e+02,1.566276198503954618e+02,1.439925255004578162e+02,1.429834028829919532e+02,1.798876454901780733e+02,1.830946350934401323e+02,6.721891623642852664e+01,1.075784104734774331e+02,1.144410131902020424e+02,1.692932426294682102e+02,1.874663271096972323e+02,1.750043125182919539e+02,2.187550966263414978e+02,1.432223886129539494e+02,6.862122485062474198e+01,3.544080416694851010e+01,1.596225607487863556e+02,1.472628031785351936e+02,1.453899900268240799e+02,1.390908968983951581e+02,1.211856295110934099e+02,2.970891053202725516e+02
1.609237185749819901e+02,3.074392297674458518e+01,1.174442369807902367e+02,1.675437068349629328e+02,1.509762752885366410e+02,1.621086379561558317e+02,1.548964918905525394e+02,1.689968446450997988e+02,0.000000000000000000e+00,2.841020760219819294e+02,1.776477328873070860e+02,2.175732701873095323e+02,2.032621595378736572e+02,1.671479548184780981e+02,1.716268393929108242e+02,2.776851326592765190e+02,1.732250651609056433e+02,1.547715568184283939e+02,1.562305405482551919e+02,2.147254649546718213e+02,1.763980872912175357e+02,1.695572413670380456e+02,2.028063652847217497e+02,1.651436732060904546e+02,1.649532797491459348e+02,1.660723917452868363e+02,1.724235184074376548e+02,1.620957547254091367e+02,1.705383742739445836e+02,1.707985816685841201e+02,1.664584861159081868e+02,1.570600117789375361e+02,1.664147138927324647e+02,1.685308289304956588e+02,1.971455130100606823e+02,1.449425886342589251e+02,1.720593627211260070e+02,1.640099637217202542e+02,1.609155669908911932e+02,1.236864733913939318e+02,1.121571411012246244e+02,2.052761642276082625e+02,1.670281182915020679e+02,1.679494709726708379e+02,1.710199535142025411e+02,1.772623524609780077e+02,1.474740095745687540e+02,1.679545423619140934e+02,1.622362946445708189e+02,1.698299116763592735e+02,2.853399824770443729e+02
2.957553982601162943e+02,2.871807698993788449e+02,2.986787789582647861e+02,2.966284559849240168e+02,2.967606370460880498e+02,3.007498304238923197e+02,2.937730777317757997e+02,2.962511368754556997e+02,2.841020760219819294e+02,0.000000000000000000e+00,2.171848885166737375e+02,2.989111889842867527e+02,2.914120661537541537e+02,2.979240148091456035e+02,3.035834488242071529e+02,5.785821376433945318e+01,2.278567716790527982e+02,2.989812686440406537e+02,2.919241171948627880e+02,2.990918870514544778e+02,2.942056297897781292e+02,2.999468027834269037e+02,3.024926766055667713e+02,2.941065783011321741e+02,2.927612742491738800e+02,2.980722907282728329e+02,2.916310544163635541e+02,2.948893109286940444e+02,3.020873762671985219e+02,2.940234458338314312e+02,2.840720820496093779e+02,2.952075292061501841e+02,2.963666327372229716e+02,2.961215529136641180e+02,2.999011898942716812e+02,2.957686342396705186e+02,2.948997380466792038e+02,2.920854676289116583e+02,2.945953680898597895e+02,2.824683159223349094e+02,2.921847372810564707e+02,2.927659379094500878e+02,2.980424105727236679e+02,2.941165160272370827e+02,3.030036760503080018e+02,2.905044977276599525e+02,2.733116325735148280e+02,3.007573974152589358e+02,3.003031919577279041e+02,2.453929214545521518e+02,8.382078501183342212e+01
1.618214423369165331e+02,1.698088042476007615e+02,1.714947281988574730e+02,1.736808351546019367e+02,1.532248325174480215e+02,1.152501978306327999e+02,1.104117004669342208e+02,1.702541702866628555e+02,1.776477328873070860e+02,2.171848885166737375e+02,0.000000000000000000e+00,2.347921304047475815e+02,2.087011291296719264e+02,1.833070795141311464e+02,1.776413183918651271e+02,2.132616845567904704e+02,4.601130513254327781e+01,1.164375317498614777e+02,1.397677230264555419e+02,1.560883989923658532e+02,1.357813315592390211e+02,1.743086965701941153e+02,1.656229102509673794e+02,1.706876539179093584e+02,1.668056956461618938e+02,1.685101898996022385e+02,1.532935135614028468e+02,1.391891895945945805e+02,1.764670969331109802e+02,1.987967929821806763e+02,1.441414666222041490e+02,1.105534970048437344e+02,1.103640285600340150e+02,1.552636174382137710e+02,1.594710177430369242e+02,1.826681017583529751e+02,1.918144637403550803e+02,1.443147227416523606e+02,1.837115611495367773e+02,1.452561823124922853e+02,1.374085081063032021e+02,2.222777829653697097e+02,1.766605708696765191e+02,1.536183771558598039e+02,1.768175259978489748e+02,1.610717510924866929e+02,1.326321797302600203e+02,1.394585296781806392e+02,1.718804215144936052e+02,8.193720461426545398e+01,2.302648900722817302e+02
2.333172644705059326e+02,2.179639041217604927e+02,2.331057757757194793e+02,2.354631584770747281e+02,2.342668636405925895e+02,2.390727090238448795e+02,2.362901642049452846e+02,2.315138851127508417e+02,2.175732701873095323e+02,2.989111889842867527e+02,2.347921304047475815e+02,0.000000000000000000e+00,1.188328296389511962e+02,2.576431856269441596e+02,2.388797590839374720e+02,2.928189580611200995e+02,2.412532223618992475e+02,2.392797808006351374e+02,2.492897609209010454e+02,2.424306214156949295e+02,2.288076451956970914e+02,1.953623919796233395e+02,2.259258261022851855e+02,2.333134031726424382e+02,2.321812421363965200e+02,2.372329644041906818e+02,2.380112606579781129e+02,2.508060178703852330e+02,2.380411955943760631e+02,2.357550580581464601e+02,2.333137203423750634e+02,2.365365291028005004e+02,2.406116678384487670e+02,2.600887121733659342e+02,2.251026650219850467e+02,2.300056371048327151e+02,1.961381966879475556e+02,2.382726637698920058e+02,2.509453558048046489e+02,2.292587219714879154e+02,2.241190848633823975e+02,3.057283271141253067e+01,1.904138335310751700e+02,2.384902033627377307e+02,2.383364332199338662e+02,2.232093983236368899e+02,2.176762122970720839e+02,2.397529799606253107e+02,2.338621217726376358e+02,2.293326278574420485e+02,3.001385048606726400e+02
1.962551260477035271e+02,1.943094668306204653e+02,1.959421723366361050e+02,2.018713446727890641e+02,2.247967735533586335e+02,2.033826413438472400e+02,2.027424782821794338e+02,1.974332383364057648e+02,2.032621595378736572e+02,2.914120661537541537e+02,2.087011291296719264e+02,1.188328296389511962e+02,0.000000000000000000e+00,2.483603782812387237e+02,2.035126691388032611e+02,2.850533223802171392e+02,2.131902307799304310e+02,2.040598311770349369e+02,2.208511138753889043e+02,2.052478068092324293e+02,1.812585906929654982e+02,2.018447433053434850e+02,1.951172152835315501e+02,1.969712047483083097e+02,1.959689756058340890e+02,2.039956308355647252e+02,2.160470009048956967e+02,2.199471031861979498e+02,2.019740022874231045e+02,2.244601006860684720e+02,2.165548182331669977e+02,2.021693349645291562e+02,2.088979475724929102e+02,2.320012129278638042e+02,1.915029655122865222e+02,2.010715785485357969e+02,2.152724961531314705e+02,2.171217038897769953e+02,2.449371511224869380e+02,2.213922595756229157e+02,2.119477548831315232e+02,1.266033905549136307e+02,1.432783703145732943e+02,2.094583283137722276e+02,2.035274458150546195e+02,2.089292519012117566e+02,2.080798889849761508e+02,2.051927060107156819e+02,1.985814991382631547e+02,1.937729186444793186e+02,2.923996195277962329e+02
1.973528155360343135e+02,1.668270265874207325e+02,1.783544953176117644e+02,2.103418862233578182e+02,1.592062137606443741e+02,1.617608484770032078e+02,1.488080508574720398e+02,1.603447002554184451e+02,1.671479548184780981e+02,2.979240148091456035e+02,1.833070795141311464e+02,2.576431856269441596e+02,2.483603782812387237e+02,0.000000000000000000e+00,1.641898224616861057e+02,2.918111750773092012e+02,1.943868380317967706e+02,1.509551350567445809e+02,1.221248213918857459e+02,2.120070897399424155e+02,1.814907319947770645e+02,2.128644942210889326e+02,1.739444825224416036e+02,2.049209169411458333e+02,2.082152153422030381e+02,1.435838232531785366e+02,1.011339344631661277e+02,1.303666195772521803e+02,2.153167041824669923e+02,2.123716871430841024e+02,1.776599752335905009e+02,1.525185388731481169e+02,1.536860078211415725e+02,1.260902173049122723e+02,1.684424023219806372e+02,1.379947767127437430e+02,1.664376949491910977e+02,7.927400708933534190e+01,3.138854727444374504e+01,1.216523624924727471e+02,1.308387981448927633e+02,2.474485582904050602e+02,2.107229178328736054e+02,1.164097882482396358e+02,1.666377253205287445e+02,1.383714818884295994e+02,1.068795055190656882e+02,1.803337708251008280e+02,2.096872711921255075e+02,1.798195720715628738e+02,2.993630174219921969e+02
1.337414939351284602e+02,1.557196281783385245e+02,1.308913595314832321e+02,1.388634822406524734e+02,1.911858067430738686e+02,1.401283008531823953e+02,1.424372360023880617e+02,3.377539785109871673e+01,1.716268393929108242e+02,3.035834488242071529e+02,1.776413183918651271e+02,2.388797590839374720e+02,2.035126691388032611e+02,1.641898224616861057e+02,0.000000000000000000e+00,2.975778598955238294e+02,1.630656916705656840e+02,1.405480110140303509e+02,1.697450529470593779e+02,1.988851711415408658e+02,1.734406348004988274e+02,1.368609948086013333e+02,1.883661917648705924e+02,1.325555468473500298e+02,1.313903599964624220e+02,2.299968043256270178e+01,8.762005991780651470e+01,1.630243500217068799e+02,1.387437476068741660e+02,1.880181632183444265e+02,1.710631322056275394e+02,1.417007815786490141e+02,1.473120409199465541e+02,1.829138696217429754e+02,1.835639215641243993e+02,6.914679312882120144e+01,1.064619983844000330e+02,1.144745473893651422e+02,1.757916855257949749e+02,1.903869462436960305e+02,1.780575039137637532e+02,2.278320736858619000e+02,1.435860233448924248e+02,6.325107746117852514e+01,6.671259251445280647e+00,1.747181232728877376e+02,1.496020544645026007e+02,1.423573331444503083e+02,1.362485585244849915e+02,1.334239914707995922e+02,3.043457592936034075e+02
2.895967867570356589e+02,2.808341822143451054e+02,2.925817087584252931e+02,2.904883546719213996e+02,2.906233283822893441e+02,2.946956121152807668e+02,2.875720161976822169e+02,2.901030496220265604e+02,2.776851326592765190e+02,5.785821376433945318e+01,2.132616845567904704e+02,2.928189580611200995e+02,2.850533223802171392e+02,2.918111750773092012e+02,2.975778598955238294e+02,0.000000000000000000e+00,2.245484773940807770e+02,2.928904954074133116e+02,2.856829247610014022e+02,2.930034132906987452e+02,2.880138814362946960e+02,2.938760415549385812e+02,2.964740506351272415e+02,2.879126997893632165e+02,2.865383168094626853e+02,2.919625554758692374e+02,2.853834529190506828e+02,2.887122252347482458e+02,2.960605110446173853e+02,2.878277783675508772e+02,2.776544454893528382e+02,2.890372443129085696e+02,2.902209921766514640e+02,2.899707181768531541e+02,2.938294862671206147e+02,2.896103042020432099e+02,2.887228754359446157e+02,2.858477981374003889e+02,2.884119869214870278e+02,2.760133924287007972e+02,2.859492332565345691e+02,2.865430817521162794e+02,2.919320499705368093e+02,2.879228512987463660e+02,2.969954056883709086e+02,2.842321348827397856e+02,2.666351285933644704e+02,2.947033345586710311e+02,2.942397838498390570e+02,2.385522454306393740e+02,9.671733298638871190e+01
1.496247105260357557e+02,1.623634232208719936e+02,1.561735400123849331e+02,1.599406924456687591e+02,1.606209161348545820e+02,1.142509610462861502e+02,1.134176062170243711e+02,1.583905019248313408e+02,1.732250651609056433e+02,2.278567716790527982e+02,4.601130513254327781e+01,2.412532223618992475e+02,2.131902307799304310e+02,1.943868380317967706e+02,1.630656916705656840e+02,2.245484773940807770e+02,0.000000000000000000e+00,1.160815480599737555e+02,1.482362209448149599e+02,1.733502313237568160e+02,1.519369263872347631e+02,1.594717708561612426e+02,1.724700692873983598e+02,1.570491120637107940e+02,1.529598564983636209e+02,1.572025308320448289e+02,1.545976160877003736e+02,1.448594846739418642e+02,1.615250429500020175e+02,1.933261878277229187e+02,1.449265344924799876e+02,1.129795587706023952e+02,1.128821358763201488e+02,1.643241579926700524e+02,1.666455000892613327e+02,1.734828665891822368e+02,1.835678585700666758e+02,1.525215919140631229e+02,1.975847086694716666e+02,1.576574371858175425e+02,1.442368756594512433e+02,2.280394014200177537e+02,1.636412848275153067e+02,1.498809167305831522e+02,1.615519164231733669e+02,1.816778439986560159e+02,1.495560547085941039e+02,1.338425817892048428e+02,1.570504304355769420e+02,7.638473080400291337e+01,2.412064713062234489e+02
1.193465868803964014e+02,1.372203614628674302e+02,1.188475948431435540e+02,1.383747827459902453e+02,1.303482638933100759e+02,2.278904342002984862e+01,1.229194858433721471e+01,1.431342548099510736e+02,1.547715568184283939e+02,2.989812686440406537e+02,1.164375317498614777e+02,2.392797808006351374e+02,2.040598311770349369e+02,1.509551350567445809e+02,1.405480110140303509e+02,2.928904954074133116e+02,1.160815480599737555e+02,0.000000000000000000e+00,7.191067514632301538e+01,1.434163243846390401e+02,1.030301489856246064e+02,1.368773162361098059e+02,1.199934706556986157e+02,1.306067946165129570e+02,1.309366392573140843e+02,1.282910671091327686e+02,1.117156636286962055e+02,6.339779885768909651e+01,1.390473980339078821e+02,1.863253850123487609e+02,1.360127221990649105e+02,1.282336539290647792e+01,4.061416501665397050e+01,9.333202826468517799e+01,1.111685040827661766e+02,1.495491825454087973e+02,1.659202908025417003e+02,1.053232775790802975e+02,1.600691584909473022e+02,1.196712133305248642e+02,1.056568118958735027e+02,2.282002453986410444e+02,1.417488176317531554e+02,1.109378420558106626e+02,1.401600945347854577e+02,1.691675849564567216e+02,1.246444106247849248e+02,8.405058179453617129e+01,1.339040847024466530e+02,1.209383053461557296e+02,2.998246217374417029e+02
1.462812100031989644e+02,1.428291069775345079e+02,1.209070014515288705e+02,1.654564326340925504e+02,1.462409043325430105e+02,9.144571777836293336e+01,7.218149208765358082e+01,1.674873950481050144e+02,1.562305405482551919e+02,2.919241171948627880e+02,1.397677230264555419e+02,2.492897609209010454e+02,2.208511138753889043e+02,1.221248213918857459e+02,1.697450529470593779e+02,2.856829247610014022e+02,1.482362209448149599e+02,7.191067514632301538e+01,0.000000000000000000e+00,1.624064835528434401e+02,1.218758335356111360e+02,1.659417913004436684e+02,1.220641798399513647e+02,1.566965526104515050e+02,1.597075179820912467e+02,1.531048441428291653e+02,1.263696169971247372e+02,2.510754269139063055e+01,1.688126994630439413e+02,1.986383560644821671e+02,1.469417789466290856e+02,7.684173019915675695e+01,8.078562248321171069e+01,2.324218793487379386e+01,1.143668662681635340e+02,1.561882255485348594e+02,1.821249304735625572e+02,1.166210881444689846e+02,1.304063506889138750e+02,1.075769004015267143e+02,1.142661056481754969e+02,2.388896820710346276e+02,1.672779665706156607e+02,1.335852409512368411e+02,1.704108051151686425e+02,1.774313326332190002e+02,1.407030898736769018e+02,1.216428916953226889e+02,1.646492043709899065e+02,1.532299882529526087e+02,2.930515070768277042e+02
1.843342483099654316e+02,2.028354453738300833e+02,1.925687770641959560e+02,1.981277910844412702e+02,1.915899465003317914e+02,1.427319242496226082e+02,1.396999753042211410e+02,1.917996428568103227e+02,2.147254649546718213e+02,2.990918870514544778e+02,1.560883989923658532e+02,2.424306214156949295e+02,2.052478068092324293e+02,2.120070897399424155e+02,1.988851711415408658e+02,2.930034132906987452e+02,1.733502313237568160e+02,1.434163243846390401e+02,1.624064835528434401e+02,0.000000000000000000e+00,1.181141875474746286e+02,1.970965382750290757e+02,1.857303908895902964e+02,1.927420486038269587e+02,1.908668614505933476e+02,1.917832370151260193e+02,1.802588938166436208e+02,1.608015485000067031e+02,1.984653334968099614e+02,2.319631397442274476e+02,1.890193310219883358e+02,1.384809510365956271e+02,1.435364995393157415e+02,1.747019364517749125e+02,1.803575593092787415e+02,2.009334066301569521e+02,2.179844118280020666e+02,1.714159458743555717e+02,2.106707673124109590e+02,1.855874058227012426e+02,1.793675829128552550e+02,2.339490190191016836e+02,2.005987746722297516e+02,1.797799552230448228e+02,1.993366955680764647e+02,1.721731759014742806e+02,1.715184957956429628e+02,1.633257603686571144e+02,1.954634492686548413e+02,1.608962156173972744e+02,2.999328586533992507e+02
1.570527822103129836e+02,1.586984297338823637e+02,1.463193439023015685e+02,1.771468540505306350e+02,1.658635797877279572e+02,1.077574391863503962e+02,1.026936142123744702e+02,1.681511537278290405e+02,1.763980872912175357e+02,2.942056297897781292e+02,1.357813315592390211e+02,2.288076451956970914e+02,1.812585906929654982e+02,1.814907319947770645e+02,1.734406348004988274e+02,2.880138814362946960e+02,1.519369263872347631e+02,1.030301489856246064e+02,1.218758335356111360e+02,1.181141875474746286e+02,0.000000000000000000e+00,1.755364899387019193e+02,1.697604211823238813e+02,1.702215244908821603e+02,1.691183405192943212e+02,1.658102231468253080e+02,1.581450160454005527e+02,1.238426546065611547e+02,1.751001653340167650e+02,2.175446259965986826e+02,1.779127471543284287e+02,1.016759140603121807e+02,1.180641147851454349e+02,1.360241188172156228e+02,1.618724958107460736e+02,1.644340335818592109e+02,1.990320534486845077e+02,1.433577929517610698e+02,1.777971104939560121e+02,1.500094467025326992e+02,1.359635837274084054e+02,2.205166710251177449e+02,1.744795710104767466e+02,1.557279839977388178e+02,1.751867400804067927e+02,1.382599233328298851e+02,1.475359552787048472e+02,1.368475374276058858e+02,1.696990374162446074e+02,1.293843433341144475e+02,2.949834093639843786e+02
1.233101467844394392e+02,1.536298945518091443e+02,1.275634551899563291e+02,1.274655780985596607e+02,1.851956554566008037e+02,1.358921064668584791e+02,1.385802918888540489e+02,1.397099824636736400e+02,1.695572413670380456e+02,2.999468027834269037e+02,1.743086965701941153e+02,1.953623919796233395e+02,2.018447433053434850e+02,2.128644942210889326e+02,1.368609948086013333e+02,2.938760415549385812e+02,1.594717708561612426e+02,1.368773162361098059e+02,1.659417913004436684e+02,1.970965382750290757e+02,1.755364899387019193e+02,0.000000000000000000e+00,1.835242313701381249e+02,1.231047752932435770e+02,1.200484718769880601e+02,1.377599542682851279e+02,1.540300821268365041e+02,1.579296058375376219e+02,1.278636250072709544e+02,1.801273060921080855e+02,1.622958961280290566e+02,1.379143966379144501e+02,1.426377891724349354e+02,1.790422363577935130e+02,1.787750989371841968e+02,1.529812017863633002e+02,9.777911126615954629e+01,1.730711220856905186e+02,2.202834814506071837e+02,1.861779664729422450e+02,1.759706151606000049e+02,1.801167185466135550e+02,1.389671961291585092e+02,1.482971405658247761e+02,1.345368826753466749e+02,2.194172552467102264e+02,1.840718631404593566e+02,1.334117371148431062e+02,1.258157653078500431e+02,1.571970864869956870e+02,3.007363917120773067e+02
1.685434816301122680e+02,1.913604264209295422e+02,1.815106134637861999e+02,1.829446050038098122e+02,1.747610405668265514e+02,1.223122050328584436e+02,1.184800151924365537e+02,1.879070065218431296e+02,2.028063652847217497e+02,3.024926766055667713e+02,1.656229102509673794e+02,2.259258261022851855e+02,1.951172152835315501e+02,1.739444825224416036e+02,1.883661917648705924e+02,2.964740506351272415e+02,1.724700692873983598e+02,1.199934706556986157e+02,1.220641798399513647e+02,1.857303908895902964e+02,1.697604211823238813e+02,1.835242313701381249e+02,0.000000000000000000e+00,1.736139619961482197e+02,1.779064566000907917e+02,1.740879780455847481e+02,1.456874960317459511e+02,1.147976066823695049e+02,1.863634274743840251e+02,2.137062458142016794e+02,1.648345437097454464e+02,1.199886090426920333e+02,1.140377218292263137e+02,1.293383666975889525e+02,1.307772568147841241e+02,2.002774465585179087e+02,1.973973016532900715e+02,1.469458206278762873e+02,1.870566841895792720e+02,1.670860631530948410e+02,1.667480743516998132e+02,2.150277117024687072e+02,1.837650513563446566e+02,1.535380812697618182e+02,1.881906318072182671e+02,2.122954144582496383e+02,1.668708869156030801e+02,1.453432189680687543e+02,1.842024606241729714e+02,1.769376056693432133e+02,3.036368749015837238e+02
7.274778347138830270e+01,1.482940423617887404e+02,1.220813015985658581e+02,7.581054741920804929e+01,1.561697963756116110e+02,1.271113303368350103e+02,1.326144087194147687e+02,1.344771634888243739e+02,1.651436732060904546e+02,2.941065783011321741e+02,1.706876539179093584e+02,2.333134031726424382e+02,1.969712047483083097e+02,2.049209169411458333e+02,1.325555468473500298e+02,2.879126997893632165e+02,1.570491120637107940e+02,1.306067946165129570e+02,1.566965526104515050e+02,1.927420486038269587e+02,1.702215244908821603e+02,1.231047752932435770e+02,1.736139619961482197e+02,0.000000000000000000e+00,7.098256335185416788e+01,1.319010943851490651e+02,1.515042900382691755e+02,1.429731845487117710e+02,7.669518694155452465e+01,9.801876504016972547e+01,1.279898042814348571e+02,1.322515621835901243e+02,1.336995056086595923e+02,1.690323551868102925e+02,1.684348583280788887e+02,1.491526788227419047e+02,1.573433967473690984e+02,1.663040775206669366e+02,2.133688194183957876e+02,1.687970589198757239e+02,1.664084742433509518e+02,2.219667056114497257e+02,1.316192611284533882e+02,1.413408865120068185e+02,1.305185722416545389e+02,2.158359844882219534e+02,1.798018673429172054e+02,9.526989713440435992e+01,7.618789208266618118e+01,1.529491670457867940e+02,2.949758624023328366e+02
2.624514240769142148e+01,1.487932401018271662e+02,1.216761706333659987e+02,1.417344700487492481e+01,1.401466917197834050e+02,1.252122358238203219e+02,1.322132243763837778e+02,1.337476668955387140e+02,1.649532797491459348e+02,2.927612742491738800e+02,1.668056956461618938e+02,2.321812421363965200e+02,1.959689756058340890e+02,2.082152153422030381e+02,1.313903599964624220e+02,2.865383168094626853e+02,1.529598564983636209e+02,1.309366392573140843e+02,1.597075179820912467e+02,1.908668614505933476e+02,1.691183405192943212e+02,1.200484718769880601e+02,1.779064566000907917e+02,7.098256335185416788e+01,0.000000000000000000e+00,1.319745695200404896e+02,1.538918776284180296e+02,1.437841973236280353e+02,1.786253621409930759e+01,1.332010593050970897e+02,1.119364225799627377e+02,1.316139749418730105e+02,1.343796015026090060e+02,1.728937876269705214e+02,1.730384327252185699e+02,1.476214980956364400e+02,1.582289884945233496e+02,1.678403899542657598e+02,2.156206516083280746e+02,1.609156891045742555e+02,1.636509981637753128e+02,2.208575108525856479e+02,1.332205134354315419e+02,1.425071033317286719e+02,1.289889677453075478e+02,2.143984605821599416e+02,1.783716059242613596e+02,6.913572014523305143e+01,2.159222082139756793e+01,1.502315140042194912e+02,2.935845481288141627e+02
1.317212826387596465e+02,1.509342813942545263e+02,1.293872779681218219e+02,1.390394397284454158e+02,1.797311269646969265e+02,1.290392025703816898e+02,1.297420498527752102e+02,3.771394967382764207e+01,1.660723917452868363e+02,2.980722907282728329e+02,1.685101898996022385e+02,2.372329644041906818e+02,2.039956308355647252e+02,1.435838232531785366e+02,2.299968043256270178e+01,2.919625554758692374e+02,1.572025308320448289e+02,1.282910671091327686e+02,1.531048441428291653e+02,1.917832370151260193e+02,1.658102231468253080e+02,1.377599542682851279e+02,1.740879780455847481e+02,1.319010943851490651e+02,1.319745695200404896e+02,0.000000000000000000e+00,6.588261379150038977e+01,1.466824454391185952e+02,1.400425321107841228e+02,1.843188834601598955e+02,1.615739945040661780e+02,1.295442179334917228e+02,1.339449002388668930e+02,1.658689934858230117e+02,1.688863837021800975e+02,6.767345491402085145e+01,1.028326417048594408e+02,9.417982745790105525e+01,1.569680292288846886e+02,1.762433334909437121e+02,1.657578758309842613e+02,2.260467608704004761e+02,1.430458129411693164e+02,4.203082797185901143e+01,2.550073724424459343e+01,1.644238550211008771e+02,1.348507048554066898e+02,1.348767956321620147e+02,1.371508731288284650e+02,1.286281244518476115e+02,2.989369681053181580e+02
1.475065086699566734e+02,1.618148401723401832e+02,1.564876381699206433e+02,1.591411549537076837e+02,1.570047598004595386e+02,1.127253050561407974e+02,1.102489659815455525e+02,8.978893584401139094e+01,1.724235184074376548e+02,2.916310544163635541e+02,1.532935135614028468e+02,2.380112606579781129e+02,2.160470009048956967e+02,1.011339344631661277e+02,8.762005991780651470e+01,2.853834529190506828e+02,1.545976160877003736e+02,1.117156636286962055e+02,1.263696169971247372e+02,1.802588938166436208e+02,1.581450160454005527e+02,1.540300821268365041e+02,1.456874960317459511e+02,1.515042900382691755e+02,1.538918776284180296e+02,6.588261379150038977e+01,0.000000000000000000e+00,1.206658012860313249e+02,1.623985720380570115e+02,1.893347992314143937e+02,1.506579831937225720e+02,1.113052083237796666e+02,1.109924443374412562e+02,1.386380099395544221e+02,1.393624289397971268e+02,1.075907379842707599e+02,1.118910380682921897e+02,4.293702947340440090e+01,1.202938186275586929e+02,1.510348807395165522e+02,1.454642808389743038e+02,2.267787721547146873e+02,1.614512452723731712e+02,2.666516641613174343e+01,8.943678885112095145e+01,1.450644136237416149e+02,1.001574101102858378e+02,1.313645439226277460e+02,1.588247713676931028e+02,1.320829989059909053e+02,2.927472669385659287e+02
1.294021533823915888e+02,1.469092491982720503e+02,1.216890237449540990e+02,1.491286732992686552e+02,1.391648087700335168e+02,7.988226211118463027e+01,6.472675567336897018e+01,1.618464000217490195e+02,1.620957547254091367e+02,2.948893109286940444e+02,1.391891895945945805e+02,2.508060178703852330e+02,2.199471031861979498e+02,1.303666195772521803e+02,1.630243500217068799e+02,2.887122252347482458e+02,1.448594846739418642e+02,6.339779885768909651e+01,2.510754269139063055e+01,1.608015485000067031e+02,1.238426546065611547e+02,1.579296058375376219e+02,1.147976066823695049e+02,1.429731845487117710e+02,1.437841973236280353e+02,1.466824454391185952e+02,1.206658012860313249e+02,0.000000000000000000e+00,1.522715029150234614e+02,1.901551661144129923e+02,1.351013845228834214e+02,6.892817130897931577e+01,6.946225521821190796e+01,3.787618248979163127e+01,1.066982886460696989e+02,1.571668708729673938e+02,1.781073277549242277e+02,1.154524417238543634e+02,1.416121590824742782e+02,1.124841224351241351e+02,1.193579825566769301e+02,2.403062997509636602e+02,1.605374249201724126e+02,1.272347707979230336e+02,1.634835300573118957e+02,1.837225231157029270e+02,1.439875314046323638e+02,1.026654966383545968e+02,1.489017743346263956e+02,1.501178057393592553e+02,2.959644710096129074e+02
2.570633190480502961e+01,1.541289236321333647e+02,1.291475307545599378e+02,1.280505368985208570e+01,1.401087734583384190e+02,1.325416666561878003e+02,1.410892919395373610e+02,1.416508369195184400e+02,1.705383742739445836e+02,3.020873762671985219e+02,1.764670969331109802e+02,2.380411955943760631e+02,2.019740022874231045e+02,2.153167041824669923e+02,1.387437476068741660e+02,2.960605110446173853e+02,1.615250429500020175e+02,1.390473980339078821e+02,1.688126994630439413e+02,1.984653334968099614e+02,1.751001653340167650e+02,1.278636250072709544e+02,1.863634274743840251e+02,7.669518694155452465e+01,1.786253621409930759e+01,1.400425321107841228e+02,1.623985720380570115e+02,1.522715029150234614e+02,0.000000000000000000e+00,1.343642586404583881e+02,1.162232356286814081e+02,1.403496790163767969e+02,1.429865661522088942e+02,1.819738827414527407e+02,1.814158901529852130e+02,1.548451358616085543e+02,1.655818093873840837e+02,1.752820883604482844e+02,2.224840502148412327e+02,1.658640171948093212e+02,1.675286136753957749e+02,2.269019367480145490e+02,1.400594973573730897e+02,1.508716073355089691e+02,1.366751045362687762e+02,2.197892115186730280e+02,1.860984094504839845e+02,7.200567477636744229e+01,1.147852778016448738e+01,1.577459577929019474e+02,3.028584984774242344e+02
1.326028811904175768e+02,1.687381939573847660e+02,1.799116485945254453e+02,1.294731230796569719e+02,1.446748554518026708e+02,1.829113943963032511e+02,1.851527447811670868e+02,1.826645335033596496e+02,1.707985816685841201e+02,2.940234458338314312e+02,1.987967929821806763e+02,2.357550580581464601e+02,2.244601006860684720e+02,2.123716871430841024e+02,1.880181632183444265e+02,2.878277783675508772e+02,1.933261878277229187e+02,1.863253850123487609e+02,1.986383560644821671e+02,2.319631397442274476e+02,2.175446259965986826e+02,1.801273060921080855e+02,2.137062458142016794e+02,9.801876504016972547e+01,1.332010593050970897e+02,1.843188834601598955e+02,1.893347992314143937e+02,1.901551661144129923e+02,1.343642586404583881e+02,0.000000000000000000e+00,1.290258001331516198e+02,1.861052229250968537e+02,1.817876676235216848e+02,2.100809044154179901e+02,2.094656993400112981e+02,1.883551350507864584e+02,1.874665698197948132e+02,1.926690154124424907e+02,2.136786025787327219e+02,1.641447678118312581e+02,1.685856648710085040e+02,2.228541606073353023e+02,1.829674583088479380e+02,1.856487578735715545e+02,1.864012339014954023e+02,2.159477189043681449e+02,1.836296865977829782e+02,1.490503310965795833e+02,1.308128785708807982e+02,1.901547606556301844e+02,2.952600289575275383e+02
1.015966899067090594e+02,1.598581596290911477e+02,1.629229707561214298e+02,1.103959713938873648e+02,1.069473071189732991e+02,1.322635448640327525e+02,1.338052465339083312e+02,1.566276198503954618e+02,1.664584861159081868e+02,2.840720820496093779e+02,1.441414666222041490e+02,2.333137203423750634e+02,2.165548182331669977e+02,1.776599752335905009e+02,1.710631322056275394e+02,2.776544454893528382e+02,1.449265344924799876e+02,1.360127221990649105e+02,1.469417789466290856e+02,1.890193310219883358e+02,1.779127471543284287e+02,1.622958961280290566e+02,1.648345437097454464e+02,1.279898042814348571e+02,1.119364225799627377e+02,1.615739945040661780e+02,1.506579831937225720e+02,1.351013845228834214e+02,1.162232356286814081e+02,1.290258001331516198e+02,0.000000000000000000e+00,1.351441189989412521e+02,1.128465108011763363e+02,1.586002840476648998e+02,1.593271781586556699e+02,1.769641732102857077e+02,1.755582219663892545e+02,1.520407715055405617e+02,1.814758041723468693e+02,1.295942703208748981e+02,1.340165978526540300e+02,2.169293963482128049e+02,1.627776474212598714e+02,1.517488214122271017e+02,1.698853080757720875e+02,1.797416724079310200e+02,1.519423946764035804e+02,1.013548612548997880e+02,1.131527405766205163e+02,1.392784179261094266e+02,2.853103415581005606e+02
